0x00 10 03 1 7
0x01 34 09 2 6
0x05 34 02 2 2
0x06 02 02 2 5
0x08 36 03 1 3
0x09 34 00 2 2
0x0A 02 12 1 2
0x0D 34 01 3 4
0x0E 02 01 3 6
0x10 09 11 2 2
0x11 34 10 2 5
0x15 34 07 2 3
0x16 02 07 2 6
0x18 13 03 1 2
0x19 34 06 3 4
0x1D 34 05 3 4
0x1E 02 05 3 7
0x20 28 01 3 6
0x21 01 09 2 6
0x24 06 02 2 3
0x25 01 02 2 2
0x26 39 02 2 5
0x28 38 03 1 4
0x29 01 00 2 2
0x2A 39 12 1 2
0x2C 06 01 3 4
0x2D 01 01 3 4
0x2E 39 01 3 6
0x30 07 11 2 2
0x31 01 10 2 5
0x35 01 07 2 3
0x36 39 07 2 6
0x38 44 03 1 2
0x39 01 06 3 4
0x3D 01 05 3 4
0x3E 39 05 3 7
0x40 41 03 1 6
0x41 23 09 2 6
0x45 23 02 2 3
0x46 32 02 2 5
0x48 35 03 1 3
0x49 23 00 2 2
0x4A 32 12 1 2
0x4C 27 01 3 3
0x4D 23 01 3 4
0x4E 32 01 3 6
0x50 11 11 2 2
0x51 23 10 2 5
0x55 23 07 2 4
0x56 32 07 2 6
0x58 15 03 1 2
0x59 23 06 3 4
0x5D 23 05 3 4
0x5E 32 05 3 7
0x60 42 03 1 6
0x61 00 09 2 6
0x65 00 02 2 3
0x66 40 02 2 5
0x68 37 03 1 4
0x69 00 00 2 2
0x6A 40 12 1 2
0x6C 27 04 3 5
0x6D 00 01 3 4
0x6E 40 01 3 6
0x70 12 11 2 2
0x71 00 10 2 5
0x75 00 07 2 4
0x76 40 07 2 6
0x78 46 03 1 2
0x79 00 06 3 4
0x7D 00 05 3 4
0x7E 40 05 3 7
0x81 47 09 2 6
0x84 49 02 2 3
0x85 47 02 2 3
0x86 48 02 2 3
0x88 22 03 1 2
0x8A 53 03 1 2
0x8C 49 01 3 4
0x8D 47 01 3 4
0x8E 48 01 3 4
0x90 03 11 2 2
0x91 47 10 2 6
0x94 49 07 2 4
0x95 47 07 2 4
0x96 48 08 2 4
0x98 55 03 1 2
0x99 47 06 3 5
0x9A 54 03 1 2
0x9D 47 05 3 5
0xA0 31 00 2 2
0xA1 29 09 2 6
0xA2 30 00 2 2
0xA4 31 02 2 3
0xA5 29 02 2 3
0xA6 30 02 2 3
0xA8 51 03 1 2
0xA9 29 00 2 2
0xAA 50 03 1 2
0xAC 31 01 3 4
0xAD 29 01 3 4
0xAE 30 01 3 4
0xB0 04 11 2 2
0xB1 29 10 2 5
0xB4 31 07 2 4
0xB5 29 07 2 4
0xB6 30 08 2 4
0xB8 16 03 1 2
0xB9 29 06 3 4
0xBA 52 03 1 2
0xBC 31 05 3 4
0xBD 29 05 3 4
0xBE 30 06 3 4
0xC0 19 00 2 2
0xC1 17 09 2 6
0xC4 19 02 2 3
0xC5 17 02 2 3
0xC6 20 02 2 5
0xC8 26 03 1 2
0xC9 17 00 2 2
0xCA 21 03 1 2
0xCC 19 01 3 4
0xCD 17 01 3 4
0xCE 20 01 3 6
0xD0 08 11 2 2
0xD1 17 10 2 5
0xD5 17 07 2 4
0xD6 20 07 2 6
0xD8 14 03 1 2
0xD9 17 06 3 4
0xDD 17 05 3 4
0xDE 20 05 3 7
0xE0 18 00 2 2
0xE1 43 09 2 6
0xE4 18 02 2 3
0xE5 43 02 2 3
0xE6 24 02 2 5
0xE8 25 03 1 2
0xE9 43 00 2 2
0xEA 33 03 1 2
0xEC 18 01 3 4
0xED 43 01 3 4
0xEE 24 01 3 6
0xF0 05 11 2 2
0xF1 43 10 2 5
0xF5 43 07 2 4
0xF6 24 07 2 6
0xF8 45 03 1 2
0xF9 43 06 3 4
0xFD 43 05 3 4
0xFE 24 05 3 7
